3 3 3 50
6 4 3 70
9 5 4 98
12 5 5 137
15 7 5 192
18 7 6 269
21 11 6 376
24 11 8 527
27 18 8 738
30 15 11 1033
33 28 10 1446
36 22 15 2025
39 44 13 2835
42 32 21 3969
45 68 17 5556
48 46 28 7778
51 107 21 10890
54 67 37 15246
57 167 27 21344
60 96 50 29882
63 260 35 41834
66 138 68 58568
69 407 44 81995
72 199 91 114793
75 635 56 160710
78 286 123 224994
81 993 72 314992
84 412 165 440988
87 1551 92 617383
90 593 222 864337
93 2423 117 1210072
96 855 299 1694100
99 3787 150 2371740
102 1231 402 3320437
105 5916 191 4648611
108 1772 541 6508056
111 9244 244 9111278
114 2552 728 12755789
117 14444 312 17858105
120 3674 979 25001346
123 22569 398 35001885
126 5291 1318 49002639
129 35265 509 68603694
132 7619 1773 96045172
135 55101 649 134463241
138 10972 2386 188248537
141 86096 829 263547952
144 15799 3211 368967133
147 134525 1059 516553986
150 22751 4321 723175580
153 210195 1352 1012445812
156 32762 5814 1417424137
159 328429 1727 1984393791
162 47177 7823 2778151308
165 513171 2205 3889411831
168 67934 10527 5445176564
171 801829 2815 7623247189
174 97826 14165 10672546065
177 1252858 3595 14941564491
180 140869 19061 20918190288
183 1957591 4590 29285466403
186 202851 25648 40999652964
189 3058736 5861 57399514150
192 292106 34512 80359319809
195 4779276 7484 112503047733
198 420632 46440 157504266826
