3 3 3 50
6 4 3 75
9 5 4 112
12 5 5 169
15 7 5 253
18 7 6 380
21 11 6 570
24 11 8 854
27 18 8 1281
30 15 11 1922
33 28 10 2883
36 22 15 4325
39 44 13 6487
42 32 21 9731
45 68 17 14596
48 46 28 21895
51 107 21 32842
54 67 37 49263
57 167 27 73895
60 96 50 110842
63 260 35 166263
66 138 68 249394
69 407 44 374091
72 199 91 561137
75 635 56 841706
78 286 123 1262558
81 993 72 1893838
84 412 165 2840756
87 1551 92 4261135
90 593 222 6391702
93 2423 117 9587553
96 855 299 14381329
99 3787 150 21571994
102 1231 402 32357991
105 5916 191 48536987
108 1772 541 72805480
111 9244 244 109208220
114 2552 728 163812331
117 14444 312 245718496
120 3674 979 368577744
123 22569 398 552866616
126 5291 1318 829299924
129 35265 509 1243949886
132 7619 1773 1865924829
135 55101 649 2798887244
138 10972 2386 4198330866
141 86096 829 6297496298
144 15799 3211 9446244448
147 134525 1059 14169366671
150 22751 4321 21254050007
153 210195 1352 31881075011
156 32762 5814 47821612516
159 328429 1727 71732418774
162 47177 7823 107598628161
165 513171 2205 161397942242
168 67934 10527 242096913363
171 801829 2815 363145370044
174 97826 14165 544718055066
177 1252858 3595 817077082599
180 140869 19061 1225615623898
183 1957591 4590 1838423435847
186 202851 25648 2757635153770
189 3058736 5861 4136452730655
192 292106 34512 6204679095982
195 4779276 7484 9307018643974
198 420632 46440 13960527965961

